$ANSIBLE_VAULT;1.1;AES256
31396361363561353061613336396664353134636461646336306266386539366539366236643435
6262626336303235333939353136316430666136663933340a666365353136633161306431316430
61613537613963663739353338363863333836363932623031643430386130313430323834343633
3863623434383234350a623362373032373732636663626665626261316137623161313139643261
30663133633066656163356437373831663237616338326439313464616334643838353536626665
30313763333634623839636634616461303835353333613232653263623039333262373763373765
61646265333261643534343339383964393835336466666233643634383565343432653330663932
65306234313464363933313339633139666133346366393963316336376666336466633862616462
34373336386338636536366536633438363161666462326663613639323638346533633639316332
61366239393937646166343036333836646230373535653462366363323864336565653965653762
39376337663538623639633633346461353832323232643336303766663431636634626434616338
35336339303563363564333062356332303563366262323464383561363434336530303237333961
35646632353131303365303763336433393837353233393530663065646565303562356133343237
38383239613163343531663435376631656263643032656266313733356162626663643538663635
66396538663336366661616563653033313566323238393834373933383062336261376665333766
30383066383862643165303530313364323766613563623033333537303730356266613532633730
63323764346139653338663766626437303037326134376166613134653437643830
